1669 1509 4 101
3 32 6 101
1 1655 4 101
1343 9 3 101
1758 144 5 101
1698 1644 10 101
309 1467 9 101
1280 727 9 101
175 810 1 101
429 191 9 101
308 1762 1 101
1253 984 2 101
1253 549 9 101
1644 1698 6 101
1310 561 9 101
727 1280 2 101
1253 1765 2 101
1026 509 6 101
1741 1391 4 101
1713 809 10 101
9 1346 7 101
9 1343 10 101
1749 1063 5 101
595 1101 8 101
595 1101 4 101
1762 308 5 101
1346 9 2 101
1 312 5 101
3 1 6 101
1 3 4 101
1 3 8 101
1744 1253 5 101
3 1 1 101
1 3 8 101
3 1 6 101
809 1713 3 101
1655 1 2 101
12 1313 1 101
12 1312 2 101
12 1343 2 101
1313 12 1 101
856 1117 7 101
312 1 5 101
1 312 9 101
9 1346 10 101
9 1255 3 101
1346 9 4 101
9 1346 3 101
193 1362 7 101
1308 1713 2 101
1308 1716 8 101
12 1313 4 101
810 175 1 101