70 70 3 101
27 27 5 101
564 248 2 101
995 459 5 101
44 77 3 101
459 77 6 101
26 903 2 101
34 34 10 101
459 44 3 101
34 34 10 101
459 27 2 101
995 77 4 101
1298 571 10 101
726 850 9 101
539 995 6 101
34 34 9 101
726 34 10 101
34 34 2 101
121 34 2 101
26 391 8 101
81 248 8 101
71 169 5 101
391 26 8 101
26 34 6 101
60 1124 2 101
668 368 8 101
121 1323 1 101
121 726 5 101
26 26 2 101
121 726 8 101
27 27 5 101
1256 26 3 101
121 1323 4 101
656 656 7 101
391 26 1 101
121 1323 5 101
725 81 8 101
1259 1288 7 101
725 81 1 101
539 539 4 101
901 34 9 101
1256 391 2 101
44 44 7 101
391 1256 7 101
1288 1259 4 101
1256 1256 1 101
391 1256 10 101
850 1 1 101
391 1256 3 101
1259 1259 8 101
850 850 2 101
71 169 7 101
81 81 3 101
768 1190 2 101
96 248 3 101
1256 1256 2 101
725 690 1 101
850 850 1 101
725 725 5 101
1256 1256 3 101
692 1288 3 101
34 901 1 101
391 1256 4 101
850 26 6 101
26 26 2 101
346 169 4 101
1322 1324 7 101
57 1324 8 101
34 34 9 101
34 26 8 101
768 609 6 101
26 26 5 101
121 78 5 101
34 901 4 101
352 1325 4 101
459 27 2 101
34 26 2 101
77 1325 7 101
44 34 9 101
384 26 10 101
98 1325 10 101
616 692 4 101
726 1325 2 101
616 1288 1 101
1288 98 3 101
26 34 1 101
459 75 7 101
925 1325 5 101
248 96 1 101
1288 26 3 101
726 34 1 101
77 726 9 101
1323 1002 8 101
44 98 6 101
616 90 5 101
368 75 3 101
294 98 9 101
26 26 3 101
34 726 4 101
34 34 9 101
26 34 10 101
1288 90 8 101
616 34 5 101
90 90 4 101
1247 1247 6 101
901 616 4 101
901 34 9 101
43 248 3 101
616 901 10 101
97 901 10 101
877 877 9 101
86 394 1 101
1248 901 2 101
394 394 10 101
138 1247 7 101
445 394 1 101
808 837 5 101
34 1247 7 101
34 459 2 101
1259 539 8 101
34 616 3 101
726 187 9 101
1259 539 7 101
77 1268 4 101
1323 1247 9 101
77 187 1 101
187 187 2 101
1308 1203 10 101
850 901 3 101
77 187 5 101
77 187 10 101
77 77 6 101
726 187 5 101
459 187 8 101
187 726 6 101
77 187 6 101
726 187 4 101
459 726 7 101
44 459 4 101
77 187 4 101
44 726 9 101
724 394 2 101
517 394 9 101
517 724 8 101
724 724 4 101
690 724 7 101
44 187 8 101
1157 368 8 101
1204 187 1 101
187 44 5 101
726 368 4 101
1326 98 10 101
1268 1268 9 101
77 1204 7 101
1248 459 7 101
44 44 6 101
169 71 8 101
169 169 5 101
459 1248 4 101
616 90 5 101
726 1327 1 101
616 90 8 101
856 459 8 101
412 1327 2 101
459 459 7 101
1036 960 6 101
204 960 1 101
1259 960 7 101
1270 668 4 101
960 204 7 101
1234 1234 1 101
1234 1234 8 101
1047 1036 2 101
539 539 4 101
901 850 4 101
539 901 9 101
394 517 7 101
394 394 3 101
539 1036 8 101
539 1036 10 101
539 43 5 101
1047 1036 4 101
1309 450 6 101
1328 539 5 101
1321 1321 4 101
43 1234 8 101
1204 1204 9 101
850 850 6 101
43 1327 4 101
539 1328 4 101
1288 1328 7 101
539 1328 4 101
539 1328 2 101
43 1036 4 101
850 1248 1 101
43 81 6 101
503 1328 4 101
98 48 8 101
569 450 10 101
1329 366 9 101
1030 1030 7 101
459 459 9 101
1288 1328 9 101
539 1328 2 101
199 1234 3 101
121 43 8 101
372 1327 8 101
204 2298 2 101
204 1247 3 101
539 1328 5 101
726 44 5 101
526 394 8 101
300 1268 5 101
81 412 7 101
81 394 5 101
300 394 5 101
1199 372 9 101
81 692 2 101
174 1256 6 101
194 668 7 101
1268 300 7 101
726 394 7 101
300 300 6 101
1259 1247 4 101
81 569 6 101
300 459 8 101
133 726 7 101
204 1247 1 101
1256 1256 10 101
1268 300 1 101
71 71 10 101
892 892 9 101
26 1036 9 101
1268 300 9 101
43 1036 1 101
1288 539 3 101
1288 204 2 101
1328 1328 6 101
153 153 4 101
153 43 9 101
81 1330 10 101
43 1036 7 101
1330 81 7 101
81 81 1 101
1209 931 9 101
1326 121 9 101
894 901 9 101
1121 901 8 101
1227 877 1 101
1288 98 2 101
121 81 10 101
1248 1248 2 101
98 98 6 101
43 43 8 101
121 224 1 101
224 121 10 101
346 1330 3 101
1157 81 2 101
81 81 7 101
1129 204 9 101
153 724 3 101
1157 1256 10 101
1129 1129 2 101
585 1330 3 101
204 204 10 101
1328 1010 1 101
1267 1267 5 101
394 394 6 101
43 1234 8 101
585 77 3 101
585 77 2 101
1129 204 10 101
1259 1010 6 101
1121 204 10 101
1129 204 8 101
1121 204 8 101
204 204 3 101
43 909 9 101