out_label = 
0: [],
1: [],
2: [(1,4,2,4), (1,7,4,5), ],
3: [(1,1,4,4), ],
4: [(1,3,3,4), (1,12,4,6), (2,5,6,6), (3,2,3,3), ],
5: [(1,2,4,4), ],
6: [(1,8,6,6), ],
7: [(1,11,4,6), (5,9,6,6), ],
8: [(1,15,3,6), (6,7,3,3), ],
9: [],
10: [(1,10,3,5), (1,19,4,6), (2,12,5,6), (3,9,3,5), (4,7,5,5), ],
11: [],
12: [(1,6,2,4), (1,9,3,5), (2,2,3,3), ],
in_label = 
0: [],
1: [],
2: [],
3: [(2,3,2,3), (2,6,5,5), ],
4: [(2,1,2,2), ],
5: [(1,2,5,5), (1,4,1,1), ],
6: [(1,2,1,1), (2,10,1,1), ],
7: [(2,5,2,4), (2,8,4,5), (2,9,1,3), (3,2,4,4), (3,6,1,1), ],
8: [],
9: [],
10: [],
11: [(9,4,6,6), ],
12: [],

