60 32 41 6
91 57 60 70
16 36 56 75
69 45 85 97
18 95 54 63
85 77 92 46
1 55 92 63
56 77 57 2
66 14 33 67
8 82 12 18
57 49 72 3
29 37 41 83
1 85 51 72
18 73 28 47
75 21 14 96
42 42 88 9
29 68 58 49
43 88 19 80
61 35 81 81
11 43 63 76
55 15 5 32
1 29 39 54
83 86 39 90
75 29 67 96
88 61 13 92
81 50 46 32
35 47 62 46
51 63 46 75
18 22 32 31
62 38 16 44
94 67 76 16
68 87 16 2
26 16 59 81
69 19 71 13
84 43 8 77
50 9 58 43
15 80 2 69
50 56 80 86
65 52 13 13
97 7 79 64
61 51 54 66
18 93 67 80
68 11 1 46
40 65 75 60
22 51 59 69
88 30 93 35
58 90 98 65
46 91 7 76
100 9 26 4
83 35 48 50
92 14 19 95
87 53 18 73
88 18 91 12
73 59 56 92
40 99 4 1
94 92 89 93
4 68 54 27
34 37 99 30
97 37 62 49
10 89 93 87
68 74 70 93
42 48 61 99
74 20 85 57
42 66 20 45
16 16 62 29
80 51 52 87
80 3 23 32
56 17 67 86
17 8 61 66
82 38 56 43
14 8 91 23
66 36 1 24
32 68 19 24
15 10 74 78
76 48 94 6
10 85 74 96
46 35 79 42
65 99 62 14
32 79 33 28
60 94 16 96
80 6 92 98
8 43 45 34
36 26 17 19
69 63 92 55
74 57 16 58
58 90 34 67
16 7 65 61
57 77 37 49
19 77 50 55
69 12 45 25
47 8 58 88
42 69 79 19
99 64 13 9
25 51 30 35
41 74 91 49
50 83 59 99
3 86 69 42
93 28 68 16
57 67 5 63
15 16 42 14
23 63 14 18
30 74 45 37
99 93 8 6
87 80 15 9
70 55 8 70
48 54 21 89
34 45 77 96
16 96 67 65
13 71 35 56
3 84 70 19
74 93 3 21
83 15 41 88
80 86 52 61
85 75 55 20
7 61 16 81
39 37 79 54
31 24 41 92
29 3 66 1
59 83 22 19
57 48 69 87
52 91 51 83
72 27 11 33
77 42 50 77
17 73 15 78
49 31 20 47
75 21 78 62
42 49 98 6
55 24 88 68
14 88 94 14
37 20 47 61
33 86 5 80
98 54 12 40
18 86 15 98
66 63 98 79
11 74 99 36
62 67 12 82
98 66 40 88
47 44 97 13
20 37 39 99
92 33 84 65
96 96 47 90
50 35 95 71
63 5 15 14
48 41 70 60
19 27 35 55
21 10 92 45
44 48 3 67
25 92 71 45
65 46 4 95
2 74 32 75
81 67 2 25
35 91 100 26
100 64 29 37
29 31 71 89
99 64 96 40
70 75 66 86
77 79 65 80
68 73 80 89
57 41 38 57
61 99 33 7
4 38 92 70
87 82 32 25
82 40 40 19
31 90 12 100
18 72 51 16
77 65 13 77
50 48 95 28
26 30 99 6
17 53 4 49
98 22 38 57
5 34 7 25
49 33 12 33
83 2 46 66
11 100 93 69
61 2 90 17
37 23 82 95
61 15 8 46
12 67 50 100
65 4 41 45
19 89 93 62
5 30 25 58
40 95 15 50
71 72 37 50
55 5 66 63
14 89 70 66
52 62 64 64
2 21 47 80
78 19 88 68
55 57 70 45
21 21 81 91
90 20 18 68
45 54 72 15
44 50 76 86
99 40 51 19
58 89 83 55
69 23 87 70
46 33 8 79
56 100 63 77
41 36 39 99
56 15 35 49
85 88 13 61
40 1 90 88
50 94 8 95
83 99 10 77
4 26 18 39
64 92 78 24
87 60 60 21
46 12 62 33
87 58 94 77
73 69 98 95
87 28 33 100
16 45 18 57
47 55 83 40
72 54 62 99
2 52 4 1
30 8 45 22
100 25 49 82
58 63 5 84
31 16 74 78
22 37 94 24
84 65 74 64
68 65 7 50
56 26 77 67
53 16 97 54
39 85 23 81
45 85 94 69
17 34 84 4
8 50 28 39
34 71 77 40
62 98 57 45
66 69 19 21
66 1 6 75
26 43 25 35
95 27 6 84
60 40 47 41
63 83 64 51
61 37 98 86
6 47 99 2
28 12 30 58
18 68 1 69
93 90 64 94
42 40 81 94
33 25 82 37
47 45 81 38
88 30 67 73
94 50 49 50
78 62 61 33
19 77 84 78
48 86 49 32
56 8 7 83
35 32 23 9
90 67 1 9
7 73 2 72
13 91 61 11
46 10 48 26
42 4 90 6
97 8 13 56
29 94 16 50
87 24 85 84
91 47 2 1
61 7 42 88
54 96 97 49
82 62 49 7
80 7 86 56
90 28 17 34
20 91 44 27
40 89 33 42
14 46 84 26
19 54 45 48
66 10 9 25
83 98 8 68
71 79 40 99
99 56 49 45
93 19 26 64
67 21 14 67
19 46 40 6
17 33 78 11
85 3 84 58
76 79 76 98
41 71 71 53
30 97 35 88
34 89 66 60
23 39 51 10
9 7 3 93
52 58 43 36
46 68 85 92
6 60 63 57
36 43 65 83
24 38 47 53
47 32 2 25
52 60 47 45
85 60 47 48
15 84 74 57
25 78 98 43
31 92 97 62
79 89 92 68
35 88 41 41
5 14 58 16
65 61 49 45
2 61 61 2
49 68 7 27
41 10 78 91
60 41 4 12
21 90 32 55
48 85 77 93
94 12 85 40
75 80 94 24
81 31 21 49
42 27 85 44
89 82 23 100
79 47 63 68
86 28 6 93
43 33 92 39
65 83 5 72
75 18 54 62
20 80 46 52
23 89 43 96
47 94 30 2
42 26 25 7
64 68 64 97
59 61 77 18
53 40 16 21
63 5 35 49
3 17 48 17
84 66 22 63
24 41 33 81
40 8 30 62
34 32 34 1
42 6 11 45
95 39 97 69
28 79 89 53
100 96 28 61
90 70 80 65
87 57 14 9
75 16 88 97
26 78 41 90
30 65 66 91
84 7 78 84
75 64 81 27
94 37 82 97
51 95 99 48
56 87 96 83
51 93 45 85
33 2 39 90
80 22 60 46
81 56 2 85
35 76 12 11
39 82 14 38
85 97 23 66
64 38 8 26
27 42 56 26
76 59 56 68
95 61 97 12
81 55 32 82
11 44 39 34
71 60 7 80
67 33 14 78
53 55 94 66
98 98 18 95
81 75 5 84
93 6 60 36
81 70 90 100
68 28 39 4
8 27 60 56
14 75 43 51
26 58 43 44
13 6 96 48
44 79 32 81
25 81 100 100
11 99 25 10
74 59 40 67
55 51 54 61
34 41 95 58
44 18 57 50
58 79 100 77
38 4 30 26
32 9 69 49
17 69 99 77
59 54 17 8
53 73 15 81
16 68 34 18
74 97 40 17
11 31 4 31
45 97 4 68
82 5 41 43
37 87 57 50
25 98 17 4
73 1 60 30
85 7 63 31
26 32 16 81
7 37 44 48
37 88 6 33
60 48 5 83
29 4 20 44
25 34 28 14
46 52 20 68
62 26 71 64
25 91 64 9
12 70 4 96
33 77 100 51
15 40 100 88
82 31 26 85
51 17 29 35
43 52 93 59
27 89 80 77
88 86 81 94
96 58 60 39
63 18 12 1
91 51 82 80
29 10 23 8
76 16 100 65
94 76 32 68
15 53 15 67
98 66 94 69
98 54 31 98
99 67 69 79
15 10 87 15
79 24 81 96
7 66 51 98
41 1 58 18
69 5 78 53
98 20 70 57
24 8 56 22
82 23 25 1
76 51 73 28
22 91 19 89
63 3 12 4
21 50 97 45
76 13 99 20
98 58 99 28
98 67 99 53
19 21 10 1
24 55 63 50
47 1 53 67
84 65 91 2
81 10 2 78
6 94 77 26
96 86 62 26
13 82 21 40
30 69 57 43
99 26 73 59
57 14 88 87
82 80 10 3
74 99 32 1
16 58 44 10
90 34 13 69
16 2 10 25
78 43 51 63
38 72 17 77
48 84 54 48
46 4 44 58
15 45 9 21
24 3 58 69
36 55 31 36
31 71 46 32
42 78 16 23
14 59 61 68
61 7 80 92
36 35 64 40
27 98 69 96
54 96 12 84
92 22 65 23
97 21 28 23
39 44 69 75
26 75 65 52
15 41 95 11
57 45 85 54
100 8 77 32
31 61 21 88
9 44 82 14
59 94 35 62
76 76 5 88
6 24 70 27
56 2 66 3
6 32 25 24
88 54 78 62
5 78 69 11
61 55 63 57
61 68 29 43
40 43 71 79
37 12 97 61
46 37 50 81
53 66 61 29
98 5 41 56
73 39 77 23
76 91 17 47
27 18 12 61
14 31 76 68
95 7 9 30
54 94 16 98
11 56 79 55
89 33 40 10
54 6 53 63
92 16 51 39
42 37 57 95
99 57 12 70
81 21 55 37
3 22 80 4
30 21 1 12
31 19 38 58
84 32 80 63
25 24 88 83
22 56 83 11
17 6 59 55
75 90 37 45
13 44 40 35
70 77 20 72
87 84 85 76
95 34 26 7
66 5 98 49
21 64 18 14
16 68 47 38
42 87 94 37
80 64 66 12
28 69 40 19
29 43 36 74
32 52 40 61
73 76 95 79
26 86 48 32
15 70 60 4
63 3 16 98
70 100 1 45
73 48 42 87
90 21 46 64
57 37 58 26
12 51 19 22
29 70 20 28
10 73 77 91
30 94 54 36
87 26 33 67
6 5 82 77
29 15 27 18
50 19 2 88
78 79 67 38
41 68 2 84
24 8 12 40
16 82 69 45
100 69 30 1
14 34 36 26
76 93 8 9
12 90 72 52
8 57 40 40
9 16 87 35
22 52 20 17
83 99 68 69
33 62 14 69
58 15 78 72
55 65 8 95
40 36 87 25
14 9 53 82
15 65 100 95
17 46 54 75
4 46 58 93
80 55 40 5
98 86 13 59
43 33 44 50
34 61 14 30
48 66 95 58
75 44 1 88
99 48 66 95
42 76 97 90
44 21 31 16
31 21 53 33
8 5 62 90
18 66 18 86
74 27 18 14
70 73 58 21
18 91 91 88
71 91 95 17
21 42 4 32
13 3 32 5
3 78 87 39
16 69 10 47
92 52 5 28
63 50 47 74
69 53 77 39
80 56 74 30
29 55 89 3
64 28 17 8
24 71 92 8
32 18 36 47
28 15 91 17
87 68 48 33
60 89 26 34
87 59 90 59
27 74 31 34
51 6 32 38
51 69 2 38
51 43 29 59
69 67 13 90
5 3 37 3
32 99 23 57
58 76 90 6
2 55 72 1
31 32 15 34
1 15 72 17
90 96 77 16
54 37 45 25
87 78 64 8
44 64 68 95
69 73 5 66
23 94 82 2
10 40 94 5
75 11 97 91
67 88 97 23
69 59 99 46
64 91 71 89
17 1 54 40
95 86 76 8
36 100 32 6
97 9 5 89
2 98 50 40
11 73 27 43
76 91 45 61
40 46 64 88
21 20 70 58
70 33 24 15
64 30 29 7
77 84 23 27
6 71 37 80
50 72 43 16
93 43 96 28
49 70 25 3
1 74 96 24
78 64 30 98
53 33 66 65
18 99 23 80
99 83 22 39
5 47 56 4
41 98 69 13
71 53 5 70
72 31 26 33
52 82 58 11
66 94 6 36
28 78 21 98
20 38 79 92
32 26 59 48
80 96 28 27
28 65 47 76
27 25 41 100
81 100 44 35
55 17 14 54
58 71 73 31
83 49 20 61
87 73 58 4
50 70 37 9
82 97 54 90
12 67 7 52
71 42 52 64
10 39 22 99
40 84 86 41
42 78 70 66
54 57 75 49
60 68 31 51
27 100 44 60
84 67 50 5
8 47 2 95
70 52 85 78
73 72 17 93
21 21 47 43
58 39 43 54
62 11 76 47
75 53 41 76
32 73 10 98
57 41 46 79
16 33 71 65
43 8 86 20
88 47 81 95
89 98 24 34
49 56 48 10
44 15 52 78
69 83 19 85
62 58 41 11
83 11 94 93
36 26 37 90
24 62 63 13
24 55 61 64
67 67 41 68
82 77 67 42
99 26 63 10
92 9 59 24
49 97 50 51
72 18 34 22
6 90 24 48
87 78 58 91
53 26 84 67
26 84 31 45
42 19 96 49
81 56 60 85
24 2 63 43
73 22 84 94
2 53 59 1
2 57 78 80
75 8 22 97
6 87 44 96
76 2 76 51
98 67 92 76
20 69 60 77
45 44 13 19
24 89 13 29
99 59 39 11
38 40 18 35
44 85 78 85
74 90 22 78
27 45 68 24
11 2 53 31
28 28 48 67
26 29 6 90
100 98 98 49
85 54 25 9
46 26 32 86
85 25 53 37
46 50 48 82
13 16 95 89
67 87 62 38
23 42 77 42
94 84 90 31
52 79 37 87
99 29 67 94
12 48 6 23
45 12 42 100
40 83 55 6
43 40 90 37
13 25 71 69
75 59 3 8
37 87 84 46
39 44 44 37
4 7 58 4
20 89 50 71
48 40 38 81
43 77 52 3
27 24 64 48
26 28 74 17
75 22 6 81
3 37 51 35
15 48 26 86
82 12 77 70
49 16 32 80
100 35 22 79
51 70 83 12
53 9 12 28
98 39 18 69
20 80 50 86
62 58 33 75
72 97 86 36
77 90 82 29
39 38 89 15
35 57 49 19
100 39 32 70
3 29 87 29
96 96 78 33
15 58 69 37
53 17 86 37
19 4 66 60
52 8 67 26
73 51 89 12
89 46 78 47
83 65 80 59
85 39 44 13
9 96 39 12
23 27 89 22
80 33 97 82
18 71 64 26
75 8 17 9
51 53 48 7
43 17 2 45
12 70 3 18
51 32 49 50
85 32 39 81
16 49 6 93
41 7 41 10
61 34 26 59
29 34 27 13
17 98 25 29
87 34 30 51
89 93 87 61
28 4 66 44
1 27 3 4
9 68 49 9
54 88 10 45
5 93 90 25
60 34 77 71
35 38 71 45
59 49 99 13
67 53 75 48
4 63 13 68
50 94 16 56
17 93 53 85
34 75 58 11
4 51 68 72
91 15 62 12
5 47 59 41
80 49 19 85
28 84 17 93
49 98 94 60
42 52 30 93
51 74 35 42
86 72 78 69
27 96 13 27
39 85 32 43
18 19 15 38
34 61 31 68
1 31 83 17
38 78 97 62
53 10 8 70
46 33 97 66
12 84 60 51
32 73 55 72
14 98 72 26
46 3 26 94
87 81 45 31
41 19 96 20
9 93 61 67
83 22 37 23
15 39 22 41
19 16 47 95
41 51 90 17
82 8 18 46
59 91 53 69
45 64 69 72
47 88 43 59
24 27 60 16
80 67 66 4
18 85 93 50
1 52 64 31
26 52 38 13
13 97 72 54
90 44 73 99
86 69 24 6
1 14 82 4
100 37 96 89
6 77 61 52
8 55 67 85
65 14 40 34
46 42 32 39
3 45 79 64
78 20 74 47
2 77 52 55
23 88 38 19
77 62 61 85
18 77 54 46
16 22 41 13
51 95 35 62
41 96 20 96
24 82 57 36
29 5 64 7
26 52 12 21
35 63 83 12
43 71 37 73
54 50 58 64
95 57 70 31
3 3 60 19
44 21 60 54
63 78 84 42
73 32 83 91
95 94 2 25
56 27 35 26
81 58 98 32
6 85 1 14
90 100 12 29
75 33 68 77
61 67 9 52
79 1 79 69
30 61 87 89
85 30 93 74
29 27 53 76
30 66 31 20
38 12 60 24
20 49 49 52
30 93 33 75
41 49 72 29
1 70 44 41
31 2 65 38
51 52 26 43
61 100 30 83
99 61 7 63
1 64 53 5
4 23 33 24
2 98 12 100
84 33 46 62
14 7 58 89
73 87 69 51
99 12 75 10
63 52 82 57
14 78 38 5
51 61 98 16
27 50 42 4
18 62 35 78
27 78 86 30
92 94 91 99
58 63 66 100
69 78 68 13
71 13 44 96
52 1 52 9
74 52 43 99
93 41 46 58
42 80 84 90
98 26 62 44
14 97 2 59
20 1 12 12
55 83 50 59
94 3 80 75
15 74 93 12
8 12 92 7
5 67 91 17
95 85 41 14
95 1 58 59
1 22 28 78
77 57 9 87
48 44 86 98
86 78 57 54
55 95 24 98
81 45 93 91
27 21 68 6
69 48 13 51
5 88 68 76
1 94 31 45
100 22 55 6
72 37 85 20
24 66 66 10
14 76 96 4
20 31 96 45
39 6 1 82
99 46 1 96
100 20 17 42
40 27 42 19
8 38 30 47
52 35 58 46
77 86 72 4
64 99 88 89
70 62 68 73
29 49 19 20
98 25 8 38
85 13 7 82
68 14 35 83
59 57 7 99
22 63 30 94
5 77 2 35
7 84 33 52
20 64 58 100
14 44 53 23
3 46 43 80
3 10 29 11
2 3 19 34
71 52 71 88
89 16 27 2
24 14 24 23
44 100 86 81
80 9 66 9
49 10 43 97
3 3 6 72
96 3 90 26
3 51 55 60
46 29 7 78
71 66 8 56
92 7 8 21
33 50 56 25
3 91 76 56
50 53 88 74
8 74 60 56
10 99 30 52
31 68 62 87
93 46 86 67
75 58 62 95
36 27 92 100
73 46 89 57
35 47 26 65
71 99 21 61
11 28 55 31
78 9 39 1
86 76 54 36
38 85 66 20
8 97 100 39
10 30 60 99
99 81 98 4
69 85 23 51
59 29 11 5
85 51 84 8
13 1 94 74
90 6 36 81
31 49 10 36
66 55 14 30
90 67 21 73
53 85 40 40
54 15 12 1
24 48 27 41
15 37 4 59
58 24 10 65
55 25 12 35
7 91 67 80
70 23 37 29
8 41 61 47
68 78 93 60
95 96 10 32
34 14 98 82
48 23 39 88
54 2 18 59
4 3 93 31
79 71 93 96
2 59 87 14
